## RankNet
## Epochs = 100
## No. of features = 136
## No. of hidden layers = 1
## Layer 1: 10 neurons
1 2 3 4 5 6 7 8 9 10 11 12 13 14 15 16 17 18 19 20 21 22 23 24 25 26 27 28 29 30 31 32 33 34 35 36 37 38 39 40 41 42 43 44 45 46 47 48 49 50 51 52 53 54 55 56 57 58 59 60 61 62 63 64 65 66 67 68 69 70 71 72 73 74 75 76 77 78 79 80 81 82 83 84 85 86 87 88 89 90 91 92 93 94 95 96 97 98 99 100 101 102 103 104 105 106 107 108 109 110 111 112 113 114 115 116 117 118 119 120 121 122 123 124 125 126 127 128 129 130 131 132 133 134 135 136
1
10
0 0 -0.27972523289858325 0.12194537582400278 0.11195032120178111 -0.3458823334364924 0.2884751214910923 0.05649407168994898 0.1602982951569295 -0.23825961354351347 -0.042353040460540795 -0.28528352953168357
0 1 -0.18544121270021965 0.10179065454874459 0.02628268711403757 -0.3873143481683477 0.315611330744339 -0.09749162541120698 0.29073567386863847 -0.4172303522528394 -0.09599110331962098 -0.21238446700429506
0 2 -0.6156249886598872 0.5223274940325631 0.3680972601939818 -1.0387346704116724 0.7344536957593052 0.007863444892820285 0.6283969811964631 -0.9715946363853604 -0.19194975591385244 -0.7602510218171833
0 3 -0.3737109630510859 0.3212428976712156 0.23136445877853093 -0.6766314930989892 0.5223281873900029 0.00800045273973608 0.3710961098369538 -0.6026860755933144 -0.1704025397853499 -0.3597413500205462
0 4 -0.2395065651657524 0.08926933606797416 0.13109094691234802 -0.37170494995555586 0.28302508252289155 0.03833531372970309 0.32800827783228276 -0.38939870078949756 -0.07466642847407584 -0.3556008718466002
0 5 -0.051693631962635246 0.134392547093743 -0.04354153160151065 -0.2420696988014447 0.16247556413471023 -0.10297639419096584 0.07870960116879074 -0.0510882483791416 -0.12161505337592021 -0.08488076230320153
0 6 -0.09208849394669177 0.10255443578365243 -0.04430710521468905 -0.1445692139367592 0.08914336514393721 -0.020158075679252728 0.004401430398214355 -0.09613185462225064 0.036162646221969075 -0.19206648637895235
0 7 -0.317032547207267 0.2120488843391478 0.16427830285253103 -0.5227996715393188 0.28961574603471585 0.046408238804169985 0.2149501531930878 -0.47826600992462803 0.008392331563510347 -0.32965364884710363
0 8 -0.17155208881891898 0.09050600719978677 0.03919502198878525 -0.38163895164089373 0.16740739944126173 -0.06775307518404988 0.06837217491115485 -0.36136931616526574 -0.13645110282239148 -0.2188328003689812
0 9 -0.15044468841562433 0.17170342225151858 -0.029202830368552604 -0.21187460407881778 0.1552668465040958 -0.10684371187789794 0.12566367304133505 -0.24886742798606068 -0.05872275667524504 -0.1497129903833545
0 10 163.3701559552813 -116.5172479041961 -67.83412072271699 273.19031691240986 -193.5877183696167 17.19281920860432 -155.55995519100736 240.12184704719 46.949898949905275 181.12708809166796
0 11 -0.7031752905668835 0.4065943931841848 0.17078843843566852 -1.0231540016207987 0.8898996688799808 0.1007182092778708 0.5491048692904952 -0.7765936991914221 -0.1104437980055111 -0.6701426000088678
0 12 2.0230903598635637 -1.426432132553623 -0.8018961504987009 2.9886310620490146 -2.3164878785287693 0.19438971503784197 -1.6145190377226388 2.8920101123597184 0.5240374638857787 2.0078632657057476
0 13 -0.08737219549369696 0.1383636146079395 0.08594249638143088 0.011003055437874878 0.12361295395019047 0.11594978052009164 0.09617628478611452 -0.1624875824613175 0.03509164152178405 -0.10305951857802294
0 14 164.61570859380475 -117.60176524765997 -68.47859737585595 275.0070429457031 -194.85941076080894 17.46085348772675 -156.4093932036574 242.22272972345598 47.24132798375236 182.58414859276866
0 15 0.08556295385543615 -0.06331382320206454 -0.0027207465318373905 0.053470609832312825 0.04451859451440674 0.0110906864040635 0.062427561813251466 0.057998697938096026 0.0629269828098902 -0.04909981395721935
0 16 -0.06659160058338001 -0.02900961466598339 -0.031739449916672324 0.08251387959757026 0.019068176003249837 0.0824153942179964 0.11088154212556006 0.07405414782817572 -0.02966284436536209 -0.005590606876050997
0 17 -0.04970304033469719 0.10746983843645375 0.03250178198953427 0.027694485160518627 -0.059455309666996956 -0.03237180869996776 -0.0736974001453568 -0.09197100480990059 0.05919463600625704 0.07812118352756134
0 18 -0.037120900665950196 -0.04289630923851966 0.08119936292669164 0.05730862747059874 0.11310771063113571 -0.06896798059784096 0.012489145107809185 0.013876528619722902 -0.06251529064639097 0.05529857345158216
0 19 0.059657503024065875 0.060781052218061835 0.0458351987586412 -0.04599594417409254 0.04476912053445033 -0.0591403767554261 -0.062339775531472685 -0.011746787511640287 -0.09235233328615111 -0.08995825321349019
0 20 -10.321021142817177 6.76820929088766 3.8679258617617465 -16.466206687598916 12.004144493947765 -0.6371578260944559 9.02465566721292 -14.432414951725887 -2.4924557428850718 -10.829624892460545
0 21 -0.46626439735920816 0.3363870537638104 0.16635612633107144 -0.7795469209499896 0.4718297360843073 -0.0734839052339683 0.41865148499889676 -0.7311225215387969 -0.09714815771439912 -0.4085987930106569
0 22 -1.0064732115340336 0.5662215082130005 0.39405386037187273 -1.4566299317308393 1.0083606667129692 -0.029755453720033652 0.8370531569862955 -1.3221859789931896 -0.30916658913339407 -0.998884775088563
0 23 -0.5055764130021759 0.2754666302252153 0.2174597691534157 -0.6812712709189795 0.47773765902081244 -0.11697567419803569 0.26809369296086527 -0.6814720292312518 -0.10263453598916869 -0.3537429785729471
0 24 -12.096351261945422 7.89121620999231 4.64386485460444 -19.28898319300465 14.010645354956633 -0.6815791379058254 10.588633318229704 -17.145519566963223 -2.9764635212547743 -12.57076252248793
0 25 -5.407577192911676 3.7520953845121463 2.1704985899015408 -8.694609238007821 6.110217149646435 -0.3171140441142681 4.787649520007972 -7.897289287578207 -1.2927349944619027 -5.650198978488812
0 26 -0.25119562673487056 0.08059780369558345 0.03661531265356306 -0.2585641185083839 0.30761619180394134 0.024422478846633577 0.12011380964266724 -0.27069185810275287 -0.03146966906676264 -0.2096708727362164
0 27 -0.4567864976278851 0.21722296708519903 0.17819842757620555 -0.6025241194955387 0.48821320363285414 -0.0408882635971944 0.3202101626645163 -0.6220914953290742 -0.14478177693155933 -0.35633283532126697
0 28 -0.22523063586447112 0.08151946901307973 -0.02148388323034717 -0.16023453316690575 0.23521373452992306 -0.003183286124000295 0.05839460892522882 -0.2866543423707389 -0.13569892026146335 -0.10239459498871446
0 29 -6.209157949319951 4.2590335212419355 2.603347870428805 -10.083365647231817 7.223870633404526 -0.4477028889220784 5.656691715806594 -9.150433676815027 -1.453815329768639 -6.399826365093869
0 30 -5.554064352657058 3.451161494154509 2.1031581677498608 -8.9216589421089 6.433218611131902 -0.4073552815123842 4.787537163308404 -7.63078818520599 -1.3626203331791074 -5.8451292009073414
0 31 -0.2087101995418579 0.13304966263482407 0.04071802125580479 -0.3970291365977279 0.2537102862142556 -0.042261693799540964 0.24948068397610165 -0.31163505767336486 -0.043776051767705194 -0.32146756470867033
0 32 -0.31653102178862347 0.19706347175984856 0.1336188901389714 -0.591566237663995 0.5015522852860776 -0.10312032514639458 0.3372060342768168 -0.6271768925864064 -0.13609895281557047 -0.5052802124368774
0 33 -0.27801360876230274 0.23491378068667948 0.16141471659228596 -0.41350744387723565 0.21881143423464922 -0.06231905095395506 0.22658556465684956 -0.3654642279635133 0.026805989916095826 -0.1626224811274614
0 34 -6.4913237714126515 3.950038828318481 2.345254243915956 -10.186859100265158 7.521817755895451 -0.4746016126507363 5.707667168081587 -8.858991066490587 -1.5793108330830226 -6.662967480163766
0 35 -5.5759708422891245 3.823114234469322 2.1657979671964385 -9.00760571106954 6.578840537454287 -0.45829547214782385 5.006757766663566 -7.9760952686213935 -1.4440671368630704 -5.8628505811823945
0 36 -0.1871005793325062 0.06531118466804096 0.08794480274036894 -0.40103278560593014 0.23473886525596024 -0.08313308465119772 0.18635608985267585 -0.3613740528978704 -0.015256180124473528 -0.3228769970608598
0 37 -0.428497615871224 0.2253156203991437 0.2430917302462782 -0.7521658156825061 0.5347125386284862 -0.10147513504458114 0.35396111259335283 -0.6373187646298821 -0.07120073500011842 -0.3996258104689716
0 38 -0.11144626799136186 0.13150027232360403 0.08343872974558188 -0.27358755635801724 0.29206989641167824 -0.021835410366997356 0.22506955166218617 -0.25957111641819314 -0.04675354834672641 -0.15303292702421284
0 39 -6.518667893130189 4.443181209194772 2.5860814286258913 -10.400264814498826 7.58680378523422 -0.5019529441641968 5.870865681652579 -9.222128238501572 -1.5900964880143795 -6.759743919196533
0 40 40.24768297724617 -50.20941567173072 -26.48084294690943 66.16520633856668 -50.04348382791727 0.4128862660995174 -39.35729590888368 71.76206085092629 11.97376211973602 42.41584180954807
0 41 0.020794944513368035 0.1075088233484145 0.07421756901982558 0.036291876136533036 -0.028261016209665982 0.011315332633013354 0.09784443626416908 -0.0999325604954944 0.014127995092688988 0.042132879137714574
0 42 0.5965852735169042 -0.325041661141138 -0.37211188542024715 -0.6438096934690384 0.4189425819238498 -0.2868380149319177 0.5296005210992195 0.034895516605892726 0.49692706399406467 -0.5595750551000638
0 43 0.016150933181304974 0.1078516269891027 -0.032483174580664506 0.05383396593034075 0.0509854434943606 0.030719643004869714 0.060918594232939036 -0.09304170202553094 0.06329597261551963 -0.07365508004919134
0 44 43.501298004753544 -53.05267168067418 -28.414401215913895 66.70088612188589 -50.07733204147356 -0.9505479894773872 -38.793016109971724 74.71571250826048 13.96768292913461 42.3413279366274
0 45 -0.09347653152439325 0.07838364583755578 -0.027718795227930835 0.049233824678983275 0.04344028648331369 -0.008894273523190771 -0.013686088139692212 -0.08805346014997056 0.053891409161837614 -0.0035015017817207855
0 46 -0.041548117866495794 0.11216133558586522 0.1334085962814953 -0.16214325759671994 0.09637329133807221 0.0750235837688397 0.03851526831475318 -0.12322326685653325 0.0031978363722323603 -0.09893177320107732
0 47 -0.09808321960526761 0.09095273037086052 0.1408430824212422 -0.2701006708930209 0.11936476505805237 -0.047821267188880676 0.21075453598507085 -0.26397931334024743 -0.08960818141150508 -0.1854883065647382
0 48 -0.0595496055106288 0.12315445669155145 0.08292139211315576 -0.05708668026966404 -0.0286465925559705 0.03898183967228689 0.08106305427688079 -0.032199385776357135 -0.08016412658748716 -0.05525100830347629
0 49 -0.09589487564090747 0.030520028192885792 -0.016630338493579904 -0.11727162035696748 -0.020778527603837856 -0.04784286406268693 0.10170916139975315 -0.004820800736706825 -0.07792322424157871 -0.019577483208616377
0 50 0.009366578461238957 -0.09198446332924516 -0.02566521075605713 -0.09880145129949898 -0.06031325370238282 0.0560601509119448 -0.08929843820046428 0.0735128051325039 -0.10010529224377895 -0.08282535873158703
0 51 0.049845215916769305 0.04723057650344758 0.009822437800596984 -0.028198772484349665 0.08715978383213878 0.0021183727302921894 -0.018009773187991303 0.018139522421251313 0.08431388639007792 0.061459553483941755
0 52 0.02254699309820399 0.1173170616782826 0.09979412361353447 -0.13698764856678539 0.1580995980048114 0.08813441873675966 0.14641050282442997 -0.0528483791326141 0.043644759213680974 0.005905215263116989
0 53 -0.12355235059192271 0.0856299092185907 0.023222026461907998 -0.04646315001953202 0.04814105693879634 -0.02064882635074622 0.009336712536129884 0.061087461066707864 0.014767925246412995 -0.10760387877504655
0 54 0.02156757806419523 0.06928305942449937 9.945366871212623E-4 -0.024450456513701445 0.04887874535866589 0.08928140642869027 0.003791862595348309 0.006313755753750499 -0.053374934404680684 -0.061600163291071444
0 55 0.059943427179820014 0.06768813488370286 0.05522946774888284 -0.10071100074517782 0.011518261069506375 -0.0694076789696159 0.017253152085919956 0.02865425072544547 -0.029064719808938964 -0.04208381504374539
0 56 -0.084577548783948 0.10994987637684825 0.12084280296813082 -0.05166136604016476 -0.032466043998120295 0.09209773625161631 0.12447326957516637 -0.03544980332846262 -0.05918421354720875 -0.1222019507961596
0 57 -0.0011506277957675191 -0.026884814745051794 0.019295278918073783 -0.15056788849248723 0.17920800494982927 0.025260588643429803 0.026288991424660343 -0.12043578230601472 0.016134949728914542 -0.14839562364504572
0 58 0.02158246315437937 -0.023439621015516394 -0.03456411503557511 -0.10911231012845805 0.060489701210912426 -0.07004953650271412 0.08528272041652366 -0.11933916415263182 -0.014637982972728097 -0.12294679409047263
0 59 0.03770604072686637 -0.07450157947025418 0.06005851103253731 -0.08081668421196693 0.04212757331650763 0.04744929697679031 0.03960481738504338 -0.08427958456483582 0.015297861665656104 0.04709539496377136
0 60 0.003377195966059736 0.0133245768302882 0.061827024661639536 -0.07780561166816219 -0.03186553502309964 -0.002966785335380333 0.0991342114139402 0.007107844511972675 0.01868912798173064 -0.08139853881175275
0 61 -0.09009641578279297 -0.03746360826588301 0.06388458711449214 -0.019060479166918904 0.07567963774929473 -0.09360791306359621 0.07490149579613582 -0.041444150055156455 -0.09771504994828158 -0.06731941748917707
0 62 -0.15117885938358838 -0.03564690795026143 -0.03232710901986341 -0.07080183098638106 0.018091345818365245 0.06925282989146084 0.161328798417406 -0.09521071637732785 0.07541870330250446 -0.03674252749275382
0 63 -0.04435715413060125 -0.033467613979651284 0.04005161306616747 -0.006954199838297548 0.0684254471736402 0.031245782843588147 -0.03529797772503792 0.0014451229923660282 -0.10494550662784298 -0.09463488348572291
0 64 0.0543437229937603 0.06111649758641811 -0.036035562822402216 -0.051570277761297724 -0.06783847172365852 -0.08192492194853532 0.0831235950622333 0.03597374326715767 -0.0749755853735006 0.07074765572499976
0 65 -0.035876747120892734 0.020963253478115295 -0.09863453171731501 -0.02380453914862882 0.08923433905405918 -0.09389306257843852 -0.09131987423105707 -0.05657360642308258 0.010383134362620818 -0.0578971480690019
0 66 0.02746013889826351 -0.060365318724886444 -0.08261124824400307 0.05160165359521325 -0.03144785099769017 0.07941008078258217 -0.08548591687092433 -0.043796332922807595 0.0036588333080469376 -0.012859469874753294
0 67 0.015439075751731555 -0.042996184789678225 0.020783290544827478 -0.0023055447151385305 -0.07604642993024173 0.06818161525020389 0.03543188057251823 -0.09800503245356736 0.054548047836469125 -0.03129159591337312
0 68 -0.01926662311201749 -0.05022228116255071 -5.732506665243477E-4 -0.06486440327785886 -0.09448899497562996 0.004784627693599522 -0.05789181970740676 -0.0816205596090927 0.059418001356696684 -0.08593584137002465
0 69 0.07512213056119639 -0.04953278273387648 0.07531715883623578 -0.08161046925992786 -0.014208882685581507 0.004074667540675999 -0.03246885061766536 -0.04808226633600209 -0.03258181999450431 0.004586647562298621
0 70 -41.192880328286904 27.083953795511196 15.690952659263337 -66.70408499858357 48.19551899715489 -2.552681928458232 36.476603644032295 -57.935124887085614 -9.533782713019034 -43.41311349505665
0 71 -3.841055015440045 2.6088086480683694 1.518251360991648 -6.22799521797987 4.432853596265118 -0.19133180263589472 3.4339791631152705 -5.57958619738074 -1.0401244708669373 -4.0888682434007135
0 72 -6.60723739037386 4.786600621864882 2.641401911318452 -10.687796304625051 7.7652666472318135 -0.40880554244626877 6.03213977790425 -9.774410469925973 -1.6546347678859195 -7.064719486937394
0 73 -3.459635457213487 2.4305380401409495 1.3539835811526637 -5.613592510732999 4.045347242983083 -0.27006082159005523 3.0409481820752706 -5.2913911056177145 -0.88551981728093 -3.6585769485079336
0 74 -47.849387286224825 31.8197330766105 18.443107296915027 -77.52711556611541 56.006217129333336 -2.956238724607112 42.521721325972266 -67.8666683538842 -11.268927214719826 -50.54984534826875
0 75 -19.85207877260971 13.634844003099886 8.016956680842572 -32.607350932109114 23.25267200341626 -1.5190336029170874 18.04976149527011 -28.71881353365256 -4.717834544961294 -20.97273082167818
0 76 -1.6172941087559687 1.1226683688632395 0.8223688828664765 -2.761484785205593 1.8312330492588946 -0.18177675490793774 1.4713035278127657 -2.5850891597630965 -0.49281377897745904 -1.8273031557535981
0 77 -2.627309813558461 2.036394499435852 1.1644581913619225 -4.312984509067828 3.120651610993654 -0.1172836741178391 2.4995922760874643 -4.32558930335138 -0.8305888755377794 -2.846115247952912
0 78 -1.3925084318125904 1.0840957318426436 0.599445497712114 -2.2573897192842596 1.6065622823554768 -0.18179480139887363 1.1494808483270513 -2.0888198196404595 -0.38605514778996397 -1.317324421048139
0 79 -22.77312430881858 15.880682794276343 9.228061126206804 -37.24068666329403 26.46005867136092 -1.676773257761124 20.640423461175654 -33.20776603408736 -5.561791151583243 -23.860340865856145
0 80 -27.33924585144272 17.035967591812145 10.160881062895006 -44.32724324166357 32.298302207120216 -1.8204983873945304 24.23240439086501 -37.15053099012354 -6.189945834110798 -28.690235017563037
0 81 -2.53793524439351 1.6884629816911114 1.094573322151035 -4.169316335077955 2.99571621474807 -0.17731614558180778 2.2123489072113927 -3.627835529947021 -0.6642395406383662 -2.5080133295005473
0 82 -3.3020645917916016 2.498231675829938 1.3873035040453359 -5.599972234874898 4.015615012929896 -0.2799321155597128 3.280092054503572 -5.0483135245034285 -0.7535494344450353 -3.673795783615382
0 83 -2.4029005191447617 1.6463702449990814 0.9272780485812052 -3.7662636273773518 2.665107938702272 -0.07338208961301215 1.997000945660696 -3.453251270684029 -0.6331988645035205 -2.4408106644127003
0 84 -31.382517267824067 19.929518757389832 11.785625927148411 -51.10004923034824 37.08759258344671 -2.240658266153834 27.988933296472535 -43.141143934279945 -7.29757999157643 -32.90136460428367
0 85 -23.787918808117787 15.80439644662579 9.293690224352842 -38.7967726921693 27.97263055760554 -1.7644619552604037 21.40904612175156 -33.60659818324293 -5.634098309322172 -25.2079251332252
0 86 -2.1844920337639717 1.5166437884652857 0.7971132349529974 -3.4885476110398552 2.3578367475931548 -0.06875349761972292 1.8447013976252111 -2.973689108230714 -0.5726469123071248 -2.2210048703561642
0 87 -3.2006401466247394 2.302427902019326 1.4300214390621573 -5.02661280185868 3.7180476522525323 -0.17924798137488349 2.840500074848984 -4.717323353766562 -0.8755594429156253 -3.3117475488593207
0 88 -1.938415435427047 1.4044899405691416 0.724201667711157 -2.9085478964292957 1.9969735637056873 -0.022887518720417072 1.7186609710366765 -2.670656756923727 -0.3936616899674227 -1.9453493947964926
0 89 -27.408557972350355 18.252416383121048 10.835882215413509 -44.606933604739794 32.09055229479138 -2.0109123473028454 24.659035034760063 -38.90625778727382 -6.564040944559157 -28.90326398956805
0 90 365.6482155747303 -716.6000783322285 -378.6570553720773 370.849744511583 -330.98159226288004 -126.85859034973423 -188.76629077773637 762.1115158743946 149.97762806757484 244.01058493519744
0 91 -5.052518287008828 1.9313999581771997 1.2948226345262366 -7.629013589180888 6.468938624580087 0.5538600429755326 3.976530147230276 -5.45293229459951 -0.11980379475791965 -4.269175824942694
0 92 16.534926289609267 29.45564477701764 6.682834314984679 -41.76062954856249 34.908756348075165 -6.712434833966607 33.99520414077531 -56.81191636791591 19.566430414718763 -43.64343311571429
0 93 -2.091680460894321 1.3889298903904528 0.742843401755191 -3.1404509165280037 2.2704183305417844 -0.28163953978123674 1.6800950236050909 -2.7869775711959526 -0.48832807205943257 -2.1010754583775704
0 94 319.81936944183565 -616.1693873635407 -335.76218458663016 248.04473469498913 -232.0485355983496 -120.41704855887248 -118.31890262665998 587.2874837430622 152.65200817380256 137.09420458276483
0 95 -0.14575972688238792 0.13966000984592988 0.04758828294951253 -0.22024249901964704 0.24546100861576692 -0.01752617071105856 0.14944835906543338 -0.2575547152243708 0.0030979604763845168 -0.2438646491708984
0 96 -0.12438422661517068 0.09634658648710656 0.07238681377546759 -0.12867613632628014 0.04805651396565945 0.060984081191998024 0.07140040622037826 -0.22252364362548366 -0.038114979756628635 -0.18851663156332377
0 97 -0.32395902767843215 0.2042264188469938 0.06504343426223172 -0.4903001573005768 0.34810580533966107 0.039009991638400625 0.25339356162144394 -0.5341870121485662 -0.11318201551933751 -0.43752801082853804
0 98 -0.21935807106989935 0.1328681153060954 0.006478667406450813 -0.24857795131123267 0.18187090091019312 0.05397934014730071 0.16759207372045068 -0.22030947300663065 -0.12405519472695019 -0.21371931191253904
0 99 -0.08589512674103579 0.18128635286473027 0.03118614605216866 -0.2808614367357196 0.13161958821909958 -0.05075647946083863 0.15779367035705202 -0.18281484805268594 0.02828252841170026 -0.1055357361948783
0 100 -0.13588692149334677 0.018495168107619083 -0.042229479411781415 -0.12730405622956992 0.06090548670617199 0.0041804343037061915 0.02085714641727705 -0.24770289135240203 0.03695442876566821 -0.02619194357057983
0 101 -0.06319203379371041 0.1537457901028674 0.1430022607615201 -0.11804036915487677 0.0795952711829991 -0.050246434892939874 0.073106153694623 -0.14339632438328634 -0.08105500954737278 -0.14010960364129033
0 102 -0.21416891411458802 0.300948782658128 0.07553092076690578 -0.4915798030769794 0.42157177554890884 0.07328430123111211 0.32962099703839043 -0.47243193917277926 -0.037634220295964534 -0.3384562235737304
0 103 -0.258746989351917 0.05957230836682447 0.10101427351265138 -0.32798382784057856 0.1881234231425158 0.036287723456424795 0.2513673084572374 -0.2989787982472834 0.03224061649556693 -0.14753893291124953
0 104 -0.10185097655390314 0.13974473138006976 0.057771020303773186 -0.13644898298196742 0.17628592520055228 0.06686506539448837 0.14233787026396222 -0.20114268092314697 -0.07207290208171702 -0.21087665744179868
0 105 -5.110470152501939 3.650211411115605 2.1711900241764996 -8.385196789539602 6.126404466087434 -0.36443638986262245 4.709713083430262 -7.6186224698581615 -1.3374251184044699 -5.4721554970923005
0 106 -2.0754701340450756 1.5168903592869405 0.9374809819454355 -3.399382717866058 2.4414780713822233 -0.1854977084547666 1.9798377942784433 -3.2108798743115496 -0.5216227554192309 -2.262676024374322
0 107 -6.424917786955056 4.704288800650404 2.6204389034553217 -10.603905421894693 7.572069689449866 -0.5564348590858399 5.8577958656482725 -9.528203494942273 -1.7145950457597945 -7.036267148812035
0 108 -3.3686197208780153 2.4713474335984125 1.4655478754783098 -5.516075186888896 3.8182905268353426 -0.19785417771421857 3.0568697053842797 -5.226993536373412 -0.8273496944356393 -3.68124368467078
0 109 -5.54718982111314 3.9032146835515533 2.3714336683192414 -9.204302772052468 6.547253717065208 -0.39903769108661963 5.108059006602699 -8.30083405424125 -1.4622864367769217 -5.92593507052235
0 110 -2.8007764431600366 2.023693949361361 1.2471841302918438 -4.587611864907136 3.247732334150178 -0.2946983050417865 2.5336643585437137 -4.240657448356858 -0.7664958436058442 -2.9692388309303266
0 111 -0.9380418715636102 0.7406966615117703 0.41289734865640654 -1.629808659098579 1.2295501994081848 -0.14088449911135625 0.9827809226456213 -1.4993263164747388 -0.23793091047425227 -1.1260289257726346
0 112 -3.622159592397212 2.41625671435173 1.4069518867894069 -5.5982790375020235 3.947304203203652 -0.1590413151671419 3.1595377540233645 -5.265625562744311 -0.8748639422143727 -3.8142968852028347
0 113 -1.5978403288453633 1.093530259664135 0.6736497468831819 -2.4881468403335822 1.6670510496827016 -0.05029338419729562 1.2534125066395274 -2.366992095670336 -0.3782585039183501 -1.5890841645118474
0 114 -3.0061198770415793 2.1244176630436287 1.2816147656257 -5.025125956194463 3.521436528787791 -0.2090738622401211 2.721839683931575 -4.60094542657091 -0.8667600595443452 -3.235083586934792
0 115 -1.8799042110019064 1.1580353917886352 0.8008244994672677 -3.008821139147712 2.068298608880121 -0.13455867962424095 1.6334360202311864 -2.5763095993092255 -0.4584577194557337 -1.9697675011463307
0 116 -0.4229872506699434 0.25082845468446957 0.16896509588119005 -0.5243515826679943 0.3376469287618795 -0.062439795696539575 0.2054538256803521 -0.4175529751644537 -0.10047495346168019 -0.2957620216232391
0 117 -1.1514765588405274 0.838316883338005 0.3486420736944691 -1.8055083303924475 1.1786594166877526 -0.12593277365579036 1.014533210248761 -1.689716241058377 -0.24809808044893505 -1.1077040722495488
0 118 -0.705090953038628 0.4236391127716591 0.2936314430799507 -0.9764369493946319 0.6681116278767402 -0.015337057582136028 0.5516836894922967 -0.9741834398743309 -0.07126008745537879 -0.73879298586414
0 119 -1.9524372576485463 1.3410175420475763 0.8854747885241995 -3.2654421907334767 2.2951373260121697 -0.1461037471923036 1.8151806932450343 -2.86301301015718 -0.531420479548342 -2.089568361158375
0 120 -2.697722434571503 1.8417238434917405 1.049743149222572 -4.372840990684001 3.0826180399807073 -0.25545794070829236 2.4620389465532115 -4.010159073402629 -0.6090648099649002 -2.7749223004111445
0 121 -1.1707837972826083 0.7907369424150448 0.5146113966209124 -1.9629468862486708 1.3705167287550242 -0.008050238206912575 1.0666744343640517 -1.8289667538215226 -0.28882228434934676 -1.403082059593806
0 122 -4.707939765202992 3.3221999985830633 1.8781986379074198 -7.456255609641938 5.400940645604051 -0.39327714401629527 4.175964215872922 -7.010022618679381 -1.2252272618573439 -4.893012376180729
0 123 -2.121876988514153 1.407115700645374 0.791625443480433 -3.184107894547584 2.2593749750696213 -0.21209371200939758 1.7881989748784337 -3.0897199006299676 -0.5429368390232251 -2.1061490746070275
0 124 -2.975695379942999 2.1190707611249535 1.1261232002298192 -4.838009234921262 3.485937894951319 -0.16826319721586971 2.5913259366570047 -4.440283084259067 -0.735171430025767 -3.1277820831983143
0 125 0.04497342775878022 0.0298934401229031 -0.03202595127979165 0.033849871748076556 -0.10804105454917458 0.08215684162299484 -0.06777335328018877 -0.029832898417639028 -0.06657044658534944 -0.05932152223968677
0 126 -0.36857865506651205 0.46906688982823014 0.219728692331363 -0.4765337943438507 0.3162011696542845 0.16261391603656353 0.4112580962998455 -0.7810612965233145 -0.21721045186374524 -0.15492279115500313
0 127 -11101.977444570384 -20666.402825423535 8690.861432527083 104852.8636286838 -106331.92497656973 80341.40125591765 -88314.92415594625 -4575.86605379955 -20562.68133108448 75415.79027539176
0 128 -3.512297980273435 2.501951910528117 1.3621467539623124 -5.746097262201375 4.080076209118181 -0.08020838678237384 3.2656988018520208 -5.314533436565268 -0.8546188809056514 -3.733371329957897
0 129 -3268.2748601093185 2891.319396918993 1517.5141574936438 -5381.834461403623 3541.566320424782 167.09272535450654 2983.04464175146 -5749.1338739168705 -934.4685803804896 -3718.8711357011516
0 130 -3838.054486927942 2842.3106727212125 1557.970922520698 -6315.578418366521 4362.84715484491 -253.82936493976436 3487.812400808114 -5966.144183395133 -972.5767220303071 -4235.989989339993
0 131 3.00120104756461 -2.803720437928403 -1.504240143057335 4.861418423372044 -3.187842726989099 0.18849340439114923 -2.683581128016795 5.269817528114384 0.9784410223150936 3.370609261960602
0 132 8.867776993890333 -7.772246965399696 -4.126316769232214 14.978394512010063 -10.160730306701081 0.5927931850481069 -8.748111293567456 15.334578555944807 2.712273274091732 10.331393150371754
0 133 -1512.4281572534535 981.3378861450482 884.7458050133419 -2218.185359333845 1494.737341849556 15.088152248242967 1244.6060404379543 -2411.776592879784 -536.263911724488 -984.1863905064458
0 134 309.0392722964645 -569.9643500692915 -310.0197467587371 396.36115663948965 -320.27749339262687 -235.38580949904224 -287.5451232370444 624.3107954572185 176.99338632383586 341.04549322144345
0 135 -39329.723244901885 41104.50111845478 14871.090897092343 -68746.52765315877 58577.94927234188 -6652.730362342356 38956.544828231534 -78710.31504496338 -7343.114746431007 -66801.47190725457
0 136 0.07064032953377515 0.03640880986103544 -0.07196718634181294 0.026442171135873396 -0.05568281273229899 -0.08286583856391667 -0.06800010024542374 0.09230953444615464 0.06810498120942794 -0.0711186371756756 0.05014325108693187
1 0 -0.08773528371088044
1 1 -0.027806202916051
1 2 0.01929010291522027
1 3 -0.013878890451362128
1 4 0.005008439954071624
1 5 0.03566631174157806
1 6 -0.04482404570601449
1 7 -0.09191590979180461
1 8 0.004101157921038702
1 9 0.03775666024241992
