## ListNet
## Epochs = 1500
## No. of features = 136
1 2 3 4 5 6 7 8 9 10 11 12 13 14 15 16 17 18 19 20 21 22 23 24 25 26 27 28 29 30 31 32 33 34 35 36 37 38 39 40 41 42 43 44 45 46 47 48 49 50 51 52 53 54 55 56 57 58 59 60 61 62 63 64 65 66 67 68 69 70 71 72 73 74 75 76 77 78 79 80 81 82 83 84 85 86 87 88 89 90 91 92 93 94 95 96 97 98 99 100 101 102 103 104 105 106 107 108 109 110 111 112 113 114 115 116 117 118 119 120 121 122 123 124 125 126 127 128 129 130 131 132 133 134 135 136
0
0 0 0.0074504459347103725
0 1 -0.05389440755860693
0 2 -0.055458264174909726
0 3 0.08929264863636091
0 4 0.08919479251706777
0 5 0.058022342224321684
0 6 -0.08439404471872179
0 7 0.07880921137377102
0 8 -0.03376173821229621
0 9 0.03600870810613454
0 10 -2.9600791791492904
0 11 0.0868447868805363
0 12 0.018314837861033932
0 13 0.004970446220710035
0 14 -3.006107325590578
0 15 0.07420902699232101
0 16 0.013067126274109015
0 17 0.05058994889259337
0 18 -0.023026376962661747
0 19 -0.021678501740097996
0 20 0.05269716492203789
0 21 -0.05498535719212518
0 22 0.0036272526186788205
0 23 -0.03539336099717487
0 24 0.13325154185904728
0 25 0.06713931714206633
0 26 -0.05567079332070415
0 27 -0.009667934328469121
0 28 0.03989447811602193
0 29 -0.046443493904076934
0 30 -0.05738199337969056
0 31 0.023755098187801183
0 32 0.003787438531131657
0 33 0.06350925038845921
0 34 -0.049613996692933544
0 35 0.09103183240683116
0 36 0.027902510868110256
0 37 -0.02106796820672375
0 38 0.0275542250118816
0 39 0.014501469006896441
0 40 -0.2249812997469948
0 41 -0.08980802967017434
0 42 -0.02197222197695966
0 43 0.011479886724696516
0 44 -0.34704459801801013
0 45 0.08585001414727977
0 46 0.029983700233968492
0 47 -0.03671974100199882
0 48 -0.06957858577397288
0 49 -0.05400810111446361
0 50 0.027866369072777876
0 51 -0.08032285620177004
0 52 0.08245555450401856
0 53 0.042014921339023445
0 54 -0.01206118492365699
0 55 -0.059144526118518864
0 56 0.03909992231550362
0 57 0.0693737870095415
0 58 6.311278404921616E-4
0 59 -0.05084266410381456
0 60 -0.06259925607229545
0 61 0.09590765334091927
0 62 0.0901984566930544
0 63 -0.038640880874256385
0 64 0.038889198884811
0 65 0.09077013742653357
0 66 -0.05674025256788512
0 67 -0.08837741361868125
0 68 0.06323732199685797
0 69 -0.07531851902652983
0 70 0.3656348700829292
0 71 -0.05780055053142251
0 72 0.08024250993986229
0 73 0.05634055961018333
0 74 0.4499050910037934
0 75 0.11786232577486427
0 76 0.0012397480555557622
0 77 0.1135996207357255
0 78 -0.025535168796018803
0 79 0.1392263231783203
0 80 0.10898474514266311
0 81 -0.0628809631334766
0 82 0.07364885665001736
0 83 -0.013053080728442107
0 84 0.18748398139547937
0 85 0.07937697399508006
0 86 0.04950429490474832
0 87 -0.07045538176311955
0 88 -0.07097915458297446
0 89 0.22960349156267423
0 90 -0.3581559017243094
0 91 -0.035562526906651654
0 92 -0.46038124394994717
0 93 0.019828972717727378
0 94 0.053892224094403016
0 95 -0.08212018277132796
0 96 0.058845281087022264
0 97 0.007388783211566216
0 98 0.004809667471546288
0 99 -0.009597859510661196
0 100 0.04668551605364055
0 101 0.07844494982517407
0 102 -0.09554400107853767
0 103 0.019780534708955938
0 104 0.038236096908605126
0 105 0.007062681287290396
0 106 0.09667594615866303
0 107 0.04633554712803428
0 108 0.10135655164433795
0 109 0.1452069310740376
0 110 0.015611135400989089
0 111 0.06459428447336907
0 112 0.03336362671118587
0 113 0.074293447468044
0 114 0.01330514810041695
0 115 0.02719642186804506
0 116 0.056318699494374694
0 117 0.10029783769266781
0 118 0.043893609893155626
0 119 0.027921333279345567
0 120 0.05899053806329979
0 121 -0.06507576316522619
0 122 0.044730720767498997
0 123 0.06127284034028363
0 124 0.016224056644755513
0 125 0.052186559709583566
0 126 0.012897731647480596
0 127 67.02808031560389
0 128 -0.032708058743778946
0 129 91.51822388015427
0 130 4.528017909292249
0 131 -0.027671612669181923
0 132 0.0225831470775351
0 133 26.87089985040865
0 134 11.176797829822997
0 135 200.54666578850234
0 136 -0.03067195974290371
