## LambdaRank
## Epochs = 100
## No. of features = 136
## No. of hidden layers = 1
## Layer 1: 10 neurons
1 2 3 4 5 6 7 8 9 10 11 12 13 14 15 16 17 18 19 20 21 22 23 24 25 26 27 28 29 30 31 32 33 34 35 36 37 38 39 40 41 42 43 44 45 46 47 48 49 50 51 52 53 54 55 56 57 58 59 60 61 62 63 64 65 66 67 68 69 70 71 72 73 74 75 76 77 78 79 80 81 82 83 84 85 86 87 88 89 90 91 92 93 94 95 96 97 98 99 100 101 102 103 104 105 106 107 108 109 110 111 112 113 114 115 116 117 118 119 120 121 122 123 124 125 126 127 128 129 130 131 132 133 134 135 136
1
10
0 0 -0.03147740407846202 0.06389622832481696 -0.042213579137168375 0.03550414145731798 -0.08025418137459057 0.07234730120364177 -0.05988023562453316 0.09050372944340157 0.031557226804788986 -0.0018510296028244298
0 1 0.044684612033009864 -0.04282645679539484 0.016980557803844568 0.09886384162753922 -0.09408165169477345 0.0071081393979734175 0.059173084465958856 -0.03446236977545421 -0.09778061613052437 -0.027396220280626795
0 2 0.03429081826393882 -0.001321508065127673 -0.037010909040561236 -0.09169621534521896 -0.01285562206362692 -0.03502193827368537 0.0219357174349378 0.028112620153986464 0.030276728873993353 -0.018117712342058383
0 3 -0.04665288322565738 -0.0426587781009687 0.027340832358864246 -0.01213213876119226 -0.07748685026017779 -0.07055910385063627 0.006842636565764184 0.012527128866341025 0.030250139990795826 -0.00915005480016078
0 4 0.021782842102977956 0.03499113535691952 -0.06068044876058883 0.06648239526559453 0.04693178710992601 0.06350896029543085 0.0234673795668135 0.009916585582377789 0.07829845810279838 0.06997514821188404
0 5 0.0578986125971433 0.01338878082687254 -0.058426979758569926 -0.020265061816598325 0.021029147999624846 0.06533612907037316 -0.07545053439591892 0.0656001359421106 0.048100502162253284 0.04407107735791232
0 6 -0.07668482450769404 -0.08829684444174006 0.041308268334420514 0.08278783436034456 -0.05331465411392586 -0.0057912657470013595 -0.09284047292353376 0.07507087872665354 0.06213827383471456 0.06383630572010725
0 7 -0.07880951084934928 -0.09675667414693002 0.05773130993413428 -0.08924830798753593 -0.008912178601713922 0.08290279326435371 -0.09759681320737931 -0.018970811964843855 -0.06027668746616587 -0.05227465264024589
0 8 -0.05313266265306633 -0.039585838491493 0.03269879405373656 0.07846728203732939 -0.050934942901539326 0.09908179113763976 0.020908962942548508 -0.06653841197881812 -0.09494171136814251 -0.03788160130965264
0 9 -0.03078079850019047 0.06992133947480457 -0.03752333666439696 -0.008580723666574305 0.0695163424892966 -0.02488125220935548 0.01743470070498677 0.025380507883130995 -0.0015829740207210549 0.03835602692127637
0 10 0.04171154513337037 0.09559366779687713 0.19909377736311623 -0.08729478685639794 0.012613260479633927 -0.11745336869256097 0.11039985815618604 -0.02595250643483521 -0.1499312003248089 -0.06299387553493149
0 11 -0.04313453018025893 0.04376095129033642 0.027807630634104394 0.038634642734063265 -0.006967536163849204 0.05116176547401088 0.06517413187125602 -0.008019662077231069 -0.06509449827193568 -0.03953646768099891
0 12 0.0034034283348686567 -0.01203903241727647 -0.03597779015654131 -0.018032458880548267 -0.04544848912369955 0.003912894410862493 0.006833884482045205 -0.012665808516570795 0.009487027292582911 -0.07865253048714137
0 13 0.026481520385204863 -0.03893886790771738 0.08629706321870088 0.027199063077108728 0.018435871320362715 0.024067840262506673 0.02398126817829567 0.058614622899889654 0.01231963324460725 -0.021862068798938136
0 14 0.09557721045712489 -0.06705110501230215 0.16437335287334312 -0.03974642753240071 0.1743106528310661 -0.13641043880090034 0.13227838559391006 6.679409027116499E-4 -0.09177015382572751 0.07264961216964472
0 15 -0.05929813176153423 -0.09355379666777526 -0.04562611224832731 -0.09770411906862189 -0.009815843079556305 0.0069196056324756115 -0.038197728469928485 0.011196334916315921 -0.004231320591402637 -0.020672883648450196
0 16 0.10399615983127118 -0.05587364741914825 -3.220576552526916E-4 -0.05831219328150123 -0.08752708021574065 -0.0729930452423929 0.08393381332230954 0.0872399799078315 -0.07117385388537065 -0.0570407094946347
0 17 0.06315702776966663 -0.08719964686424378 -0.06946376307827515 0.010267425910305413 0.06662533830867405 0.06207489895431542 -0.09643570425472778 0.0667895226903403 0.005219493591466792 0.057539938859445604
0 18 -0.06610680079460439 -0.05749825904670473 -0.02139005919976569 -0.03721155437893322 -0.031554914549492656 -0.002901610974205864 0.0507263289327814 0.07214906796672761 0.07229223515518875 0.06243770793515611
0 19 -0.06857320621742394 -0.033400345338460986 0.028636537396864246 0.0282237742419754 -0.07056953015029047 -0.007675683921493046 0.009639446035105102 0.04035899871611639 -0.022304301025795968 0.05610584087317321
0 20 0.036777679609591656 0.054924076183076494 0.03423507018045495 0.037064183501147985 -0.041558783811191095 0.0293286392969245 0.07075892861196333 -0.004376130329073502 0.08494773027089993 -0.06279577852835783
0 21 -0.09321512978115669 0.0913754616259175 0.011112232836094084 -0.05549170918112056 -0.03596991428127673 0.030143939967281066 -0.07059917051750153 0.021502065602403617 -0.052038608764695016 -0.09223664084926224
0 22 0.0016670058329627236 0.035805732267539615 -0.041906243263119536 0.018044204559028623 0.051882550643721374 -0.03562842559248761 -0.07054346865438407 0.0679391490117323 -0.07232296265072842 -0.08168049378611417
0 23 0.051838470424449355 -0.04360424351495916 0.05636587032781347 0.02238408802144037 0.06450172725140348 -0.0842494952336594 0.04579476085682933 0.05886796018081556 0.020800211507884202 -0.08464450366352962
0 24 0.07589361832383318 0.027002681871966097 0.025227763870058796 0.060515770298558404 0.02512504172500744 0.023259794685929057 -0.06250856044185588 0.06195550802970519 -0.04338039703416555 -0.02032520147043901
0 25 -0.07473358823985465 0.10070232485334002 -0.06607717088567022 0.03743617298971665 -0.08533737377498227 -0.05039892764174859 -0.0158995265685583 0.038911183865333245 0.07694363282396839 0.01621439396638285
0 26 0.09239334873141185 0.005536278480365731 -0.03437946431250009 -0.030621312376817485 0.027293627973731298 -0.09350327287517986 0.06544661805398574 0.007926578502576585 0.048132137205058566 -0.0940573285023735
0 27 0.023470651469970277 -0.03601103076635968 0.06553743977527987 -0.06774772812688064 0.030166065458298755 0.0732052824095955 0.01922031203305462 0.041192299037377623 -0.03345194953184923 0.024684991730560494
0 28 0.08113853935560596 0.0033809057498338903 0.051969828550235554 0.011972142877011527 -0.0938410693928733 -0.0018486083696988684 0.014821795685508947 -0.04168113821889866 -0.023471911152956274 0.09575196647229528
0 29 0.037760039046168814 -0.07291200160087408 -0.0050936006129344655 0.027908553825514295 -0.003075973061994501 -0.08841694522516004 -0.027908784222435156 0.0061319374033358045 -0.0199982606748319 -0.07723872616305612
0 30 0.010457519889740412 0.03556689344700914 -0.051161265667216745 -0.008798004431830642 -0.07934969061561671 0.07694731427320033 -0.0013716495168091566 -0.0749912766240174 0.0603292679942445 0.08528619308075391
0 31 -0.0762652763057276 -0.012628479583158785 0.008894978291561582 0.014138450134100703 -0.034994820579138296 -0.09946434473738426 -0.0256370433554422 0.07787139514829758 0.05652037434709555 -0.03450566544843155
0 32 0.03920467891130694 -3.1290802936013187E-4 -0.04738037870852082 0.08389893503650676 0.09872746767454144 0.04757082156564235 0.0823872713839272 -0.07081246538555715 -0.05165764258276089 0.06340579047185775
0 33 0.04232664959425668 -0.0216765434081116 0.09417418042878416 0.06061679321606545 -0.07218698920998083 0.0926744621653123 0.014372863379484015 0.05483749818736035 -0.06297007269991568 0.09507440870371545
0 34 -0.041591915035030555 -0.0027672431176719086 -0.018378547368597987 0.01785214092434408 -0.05185961974481598 -0.07039232405878819 -0.008814117670171422 0.0068977464726886935 0.009202298522933403 -0.019951280405254755
0 35 -0.00675396293491099 -0.05810382364726713 -0.03393890878766262 0.03967339559902749 0.10385717797940493 -0.04426308163952935 0.08722675959427197 -0.08501339915146898 0.04283843186698014 -0.0721805220898614
0 36 -0.09358469304997674 -0.024201044356171476 0.06338645958718934 0.005083778728326989 -0.03220967356668378 -0.010309695347307649 -0.049732111764187716 0.06999403816227937 0.03133492133794521 0.045842738612197356
0 37 -0.04836950156731852 -0.03914975386852792 0.09254303863786258 0.07650756264307146 -0.07137477757467915 0.042357850840593424 -0.02632687070549804 0.007706556793653186 -4.528813871606112E-4 -0.04445025356064183
0 38 0.08708396356344672 -0.019258804796867705 0.0850427262938963 -0.06808385689968664 -0.07052088621868997 0.004724129321153521 -0.010853555774388344 0.07604900151060238 -0.01003701015279196 -0.09915705677239593
0 39 -0.0052229980537072005 -0.044133822818310256 -0.009555950704428358 0.01905062251633241 -0.05016222483212828 0.04631575304521574 -0.008093018452410644 0.044934317358700196 -0.04422455496495711 -0.09288786631872713
0 40 -0.061183080383606536 -0.10261923191593565 0.03730480121415517 0.06254434524306746 -0.11878945674239574 0.025310629393301518 -0.056847303230967504 0.057606588911508085 0.0832872564185443 0.0783539871533731
0 41 0.0870557736662511 -0.08369428277774135 -0.010450509022183878 0.02404621387926809 -0.07307699935343898 0.06796471406994355 -0.02254828986570789 -0.061038851723877775 -0.07819033095496858 -0.07745509145933833
0 42 0.09515674403572613 0.02462342242412214 -0.04056270071408938 -0.07363931489742188 -0.0035271126227703685 -0.014330027598702406 0.05928318440516362 0.07915548079321004 0.04790447071116101 -0.09440983446392474
0 43 -0.08022552983562743 0.09666480811087556 -0.09478361654687267 -0.03317786594448966 0.0984917957261807 -0.07914520281346954 0.020961555889151037 -0.06228684452071054 -0.052736337249234586 -0.08410738545638927
0 44 0.030599975042453258 0.07194601977126795 0.05495893269949718 -0.03605369254973527 0.014039007082449506 -0.007290983747198627 0.04881246709695609 -0.060933151273699984 0.08142603337492331 0.017133688464822872
0 45 0.003235732346706521 0.0022635053833567967 0.04931506718389568 0.015659713318083506 0.06642085754803202 -0.0779469701114158 0.047808582696340474 0.04064290958698228 0.09482745967815884 -0.05501927943294415
0 46 0.0721896777006446 0.024456418601935554 0.08611439670866927 0.005967441736813632 -0.006539887838310896 0.048594127953772256 0.03519722863217758 0.03255282535140655 -0.02691708517109627 0.07748940526877367
0 47 -0.021712580799000698 -0.04763780141627607 0.08765582480930731 0.07728757492173527 0.05357944160948022 0.03100865259166917 0.06777974412676388 0.08861088405153275 -0.0529220041254454 -0.08035316407582058
0 48 1.6570689354998176E-4 -0.09406324725228142 0.06718331634496764 -0.04330647896739059 -0.08881249430060431 0.09976287192481023 0.07877787412564362 0.035204540271884056 -0.07650903447633586 0.027130634858639577
0 49 0.01799027692669149 0.092818695668371 0.03100166859486184 0.058321363959190194 -0.015329254688568623 -0.00932810468154935 0.008460507094261853 0.041691691884522486 -0.0810804593056637 0.031597928092999356
0 50 -0.09034593227008961 -0.0958730396647774 0.06510392584305814 -0.07035515129194922 -0.009086877378184779 -0.08732846060130427 -0.036955817688384185 0.09132163446163169 -0.052174245303660875 -0.077833048911197
0 51 -0.018682798139140918 0.009924699668118885 -0.07876184456168787 0.050100477988286665 0.021360830947560645 0.007433437966075901 0.0922823687068048 -0.02444302989762116 0.06280901091202296 0.023790907602056474
0 52 0.08578937009639537 -0.07349046564417971 0.091120726654876 -0.05787269612792172 -0.019350899442514193 -0.02697023623713919 -0.0959568796020579 -0.02594259972511537 0.09351320945950772 -0.032381692642949406
0 53 0.07167349693147881 -0.08431956100642972 -0.05276971558851304 0.007692495041320442 0.07985588464093084 0.02512618355012715 -0.09427087293356379 0.07239326002515262 0.0756078894211044 0.08863340427988
0 54 -0.056121177903883816 -0.09802821778912636 0.07785248932434924 -0.0206612324346323 0.029617924992938565 -0.050853366268918294 -0.005631680907534473 -0.021597161242045956 -0.07361637429153707 -0.032369788194515116
0 55 0.05811994901975937 -0.0949470911373327 -0.009345049440403996 -0.04029026076805005 -0.0823501945550776 -0.007134741227115224 -0.038655475322828044 0.08297240824605506 -0.062439370299786655 0.010765900922833995
0 56 0.05966605795447431 -0.08155681315580682 0.06159335442713808 0.06908582869874055 0.051256799601732954 0.08380627862979875 -0.06841291716677612 0.04111624082575359 -0.05912104688035936 -0.09695199995314036
0 57 0.029391696099708414 -0.05346816211392151 0.04407479976194925 0.017446347581563087 -0.09684607380968785 -0.08830161184849704 -0.04667735641618868 -4.954113269576678E-4 -0.09073635762649966 -0.06361462050152764
0 58 -0.0834969180470759 0.06358114077895781 -0.041206638991419145 0.07021889599393079 -0.009180658251434399 -0.06570167645805554 -0.09003127125185123 0.050677792410269 0.07725398631635166 -0.03365421547613212
0 59 -0.02049550556567003 0.08261073627351083 0.08102112732605708 0.03917038553943857 0.029389001092530277 -0.027515528333449776 0.0813076224955032 -0.0397705095997135 0.08395687487685397 -0.06256054896245056
0 60 0.015226837686202697 0.008467790350395592 0.07158097919709228 0.09769802763560352 0.030184313230331862 -0.07159936993520573 -0.018284327046116083 -0.012558022736445082 0.00908600453664689 0.06286135393965947
0 61 0.04554807351456017 0.018608707411421968 -0.03473373760443367 -0.08113367500626191 0.03452568510662691 0.06252292588905728 -0.09150482560127209 -0.007548912846783779 0.09093800775930833 -0.03939711494436331
0 62 -0.01804629321650042 0.09791583908273588 -0.036882614511537716 0.07654881373734257 0.006261233693531243 0.01727073358567818 -0.00801598256177262 0.08297322701836893 -0.08547501282183671 -0.02404406759015379
0 63 -0.001094424964773998 -0.032781455265633926 -0.04862930445388239 0.04193292953595512 0.0011030947436835121 -0.06399639662432102 0.0487571585347157 0.08343312465430457 0.011632762773316851 0.0334143665141949
0 64 -0.040405530756430434 0.09795735570814147 -0.03076067795710619 0.05934464588881612 -0.05253003182782187 -0.022741264181986395 0.038839028814405735 -0.02306994788772918 -0.04791979249489693 -0.010347061349551523
0 65 -0.014721285648982535 0.07662285566433395 -0.06980664942920498 -0.08896445432412788 -0.053955935256662896 0.02200711724802128 -0.0802156582913145 -0.08859031139901692 -0.04000025875444987 0.0845795904179164
0 66 0.06547187769415093 0.03251339543203551 0.011822808403974197 -0.00351057848173828 0.023296901387893025 -0.049299269099464325 0.07805957919837078 -7.540643122280822E-4 -0.04731701985433386 -0.00858454929894826
0 67 0.05144467378661992 -0.07060992289134783 0.0938898161514958 -0.021705363000570865 -0.015789490931745184 -0.05270976729051582 0.05010972336419749 0.07676189474382518 0.09239030603428446 -0.012514606663599041
0 68 -0.021571055921981958 0.09713155087942729 -0.042520569200511484 0.05575138289823798 0.02376380129200733 0.022082151593559616 0.02853841169216261 0.045546934695109245 -0.09197772313047879 0.008865592186764344
0 69 0.05725956535697077 0.07464644238874048 -0.021169626733819256 0.04655122476574893 -0.04618837001062844 -0.06877692153010208 -0.009414875871496517 -0.053793074910051225 -0.08572300454872567 -0.06192818054651175
0 70 0.044518304757201144 0.019700949349856948 0.07669762307685575 -0.0866068331292537 0.10934374941900635 0.046831353095320355 -0.0015734994843247716 -0.13852631111156596 -0.08133549656380888 -0.06675924731570633
0 71 -0.05166853316869451 -0.0972226556225273 -0.09525124605091621 -0.08604509313881871 -0.02859061958768403 -0.024762199940072175 -0.034681332481113304 -0.04943701476028799 0.09453813686898088 -0.09776077380442674
0 72 -0.04013227927687498 0.06826297303864881 0.09650381753073382 -0.08259194297400346 0.020690168219585494 0.08963743426475948 -0.014909767464764556 -0.03218111080258115 0.028687739919205278 -0.026483901334675174
0 73 0.01999917085024697 -0.03018501031794355 -0.07867329667321632 -0.027876297314188756 -0.023612872623260662 0.08681958795281824 -0.010312169816407346 0.015349966907625611 -0.09289890897033508 -0.043429853273504355
0 74 0.03864330265317457 -0.045343757109051384 0.07750185887156028 -0.07125752430088222 0.03176233681248757 -0.08560642842846021 0.08500283289579211 0.005404686137907995 -0.09317339187641951 0.02443860742209831
0 75 0.07889169250760876 -0.005741146322559126 -0.04311297221679597 -0.05074822373932244 0.0960145345260437 0.03015877774381099 -0.042266652092236304 -0.07010674497838035 -0.11438319659407294 0.056186046936984854
0 76 -0.07584979294118756 0.0052512996732811 -0.08316960340941522 -0.07319022035782106 0.0843391743111996 0.05037564028203806 0.07972007876014928 0.025960019077021626 -0.045697559308488594 -0.002683806239883279
0 77 -0.06629693364325087 0.05141353217678341 0.062441166671748614 0.06145122778168432 0.013276381961052571 0.008966035962046202 -0.03886156333899409 0.09524228692605552 -0.01703895503278467 0.009771242473923601
0 78 -0.04323378118002453 0.012223809685847702 -0.02224826506640903 -0.0664643089414071 0.09640138987814004 -0.06334331185977522 0.07027059710248167 0.04453776112598172 -0.001285006114764532 -0.03762933113320442
0 79 0.013662254610491116 -0.017776438226776298 -0.015204987166655378 -0.09309791068148149 0.07774135535719597 -0.02334159314843043 -0.04232102253980919 -0.009085437280599757 -0.057020486952644785 0.04771703346647681
0 80 -0.05410534249206064 0.10003784274950542 0.08329711664687316 0.011482971124221237 0.043152581720453415 -0.06554530258400429 -0.011636905396024569 -0.008964310846649963 0.02395654860344732 0.04760416515159747
0 81 0.0667618667175986 0.09100636503836147 -0.05828271225413692 -0.06568594076114448 -0.08215830254085826 -0.011208836309720747 -0.08052683021631356 0.016089576662706252 0.045698264354216284 -0.08690776635751116
0 82 -0.03303094424428092 -0.06074079760232282 0.02826623143484185 -0.04748633033957098 0.009429988729139683 0.044814291005194205 0.032676821872640614 -0.0038569391468946473 0.0831996647002552 0.07412742508660532
0 83 -0.024848653009460316 0.034504857605934004 -0.06386322872289577 0.06267871335607184 0.07071553105656589 -0.025251040743338036 0.02169542849960316 0.04063162324823309 0.02383401075022438 0.07153483432427694
0 84 -0.019785760045035315 -0.0047460250281022446 0.03249745213152959 -0.0800197926326435 0.026182518910604698 -0.11500186327924858 -0.029721053398186592 -0.10761527699525889 -0.025969886711787023 -0.0014639790389256923
0 85 -0.05270609617413838 -0.07557134402330656 0.12031988025933146 0.09458170444390253 0.09128447344000165 -0.007477198771750467 0.09288982237160481 0.017183586490744498 0.06712823175040175 0.019705679589015777
0 86 0.008078931414927123 -0.03428984828638579 0.07278373760232221 -0.05179862658837362 0.020251009297389783 -0.049231711956263996 0.03616527817756245 0.043562540778961927 -0.01638142567089586 -0.08271818054498406
0 87 0.0019765290534577828 -0.07187703840308261 -0.04708852562146989 -0.06261764967459811 -0.023422339693230113 -0.10194968815019331 0.07742228372490606 -0.04015760464572244 -0.09068469546860597 0.016440809094775157
0 88 0.04542072255358076 -0.09549346312164 0.09848106148813367 0.07531838425905943 -0.04431975647122819 -0.043422755467835146 0.03402933869714086 0.08742614139692752 0.08073478346251575 -0.06229112245952595
0 89 0.07983423066954214 0.024902749509505207 0.1217103979562419 0.04187884587108059 -0.005005412892948822 -0.0318170252467336 0.08280806396383202 -0.08253915035675273 -0.10394499127621061 -0.05778696225402933
0 90 -0.347968247085433 -0.1576573473002996 -0.3895376874267793 0.04280270485086645 -0.39847199586998044 0.3228205037635331 -0.1405052182722144 0.3639673794063209 0.4094826874277516 -0.05975605945087569
0 91 -0.07347428600603224 -0.030919814044331525 0.09334640712257718 0.050224255427948734 -0.020332885420045767 0.07625194438815164 -0.047673441246328704 -0.07838026752169501 -0.10252036720114542 0.01758084211536238
0 92 0.0435874643180063 0.068712067984145 0.12156621159847407 0.10136267964391421 -0.05346615599045538 -0.046166581082010466 -0.08411598772411179 -0.03050144090509583 0.04070716771554271 0.04097655717083528
0 93 0.061538698581030706 0.024492988984955565 0.026177784978495756 0.03303947392041811 -0.08742032394969303 -0.06342190489686007 -0.08888616333485568 -0.051751766623361756 -0.04685085660438981 -0.04993825429950638
0 94 -0.23000173290343048 -0.08647884802916864 -0.299257254733361 0.011355373452937821 -0.1609247097660197 0.19976209587142174 -0.01442523353498621 0.30396545288831767 0.3127531038294653 -0.1483499043221323
0 95 0.04723631734680943 0.054831179910890204 0.05249889241881874 0.08471652489258144 -0.06218654219854604 -0.04899145794581183 0.021680225274587163 -0.08893709952890537 -0.06877151101611574 0.03726677380019281
0 96 -0.07462734900851332 0.05601100807373492 0.06206698033503507 -0.017634374414400487 -0.09748268329733605 -0.08600802383644314 -0.060613400641987815 -0.055172872298304185 -0.07015929658269872 -0.036587604137313524
0 97 0.0247324937572359 -0.04171516288898838 0.00487682172081771 0.0028740792560928846 0.0018396226562629665 0.04981351130343001 0.0020484767111710596 0.020073965074657273 0.07198097702683193 -0.09085833765030964
0 98 0.055533049512068534 0.008854097820256056 -0.01364044370360704 -0.03931280238498156 0.014541757821403562 0.073936189704407 -0.06004826540438514 -0.0771542077071197 0.07801701495861886 -0.08672848181012828
0 99 -0.008501934768947972 0.03463846216189392 -0.004756351599574186 -0.041809823615274716 0.013635797932815325 -0.0839157395634088 -0.007784126562468991 -0.08352757021266004 0.0033912371551556146 0.04334978384838757
0 100 -0.054155849570870176 -0.0463414453904435 -0.09958117978607953 0.015444037837514437 -0.010605789197182022 -0.03272468456562906 -0.015124352742251709 0.05742190165163021 0.04251924744553904 0.0746610855866391
0 101 -0.0017215643467131693 0.03465109779070996 0.03678058911918533 0.005186647491240565 0.05441336981926547 0.06210394963602133 -0.017794958628453678 -0.05646759935657079 -0.07222152652661085 -0.07676890373289473
0 102 0.0185718285459299 -0.053956685683201125 -0.07624637338245532 -0.011950543877712223 0.08991089281253675 -0.07728692405544979 -0.09699081542361646 0.06408129253165762 -0.06758381837867815 -0.05522052150891473
0 103 0.06431604943759145 0.0668125774724365 0.0671598896506937 -0.07943451480635079 0.09841632305872319 0.060027716779189874 0.032885333280871454 0.07065403010633405 0.03905726591432774 -0.08087060588206352
0 104 0.0650844249039322 0.04792788801291015 0.04108935277406907 -0.027744695300941903 0.023006253311145447 -0.07925331804513622 -0.040825593043908155 0.08244250796396219 -0.04290734639711827 -0.07907753873391665
0 105 -0.030176314625178603 0.09540800497643746 0.008604479404371389 -0.046833560288984895 -9.953716897861335E-4 -0.10609102956993768 -0.05058706183839592 0.07258597712099166 0.05742984408958846 -0.015001604138424662
0 106 0.034042390923003124 -0.04884122728272293 -0.07071230047621992 0.0863518680386776 0.027646739457742035 0.06662003307545392 -0.03538091806171235 0.04945926134946738 0.07726624820318187 0.04317688350252537
0 107 0.10161500088332873 0.03505536264681151 -0.06772169599785671 0.0037229276366744744 0.05802603375870376 0.07051026819464103 0.05084152992079182 0.05720542553705669 -0.09248165706312743 0.06479777791291974
0 108 0.07179987277067958 -0.0628621787549585 0.014418708969100434 -0.018917485448744418 0.015909659293882997 0.01259514807810603 0.03481132440616886 -0.09778186537226788 0.031650805725974854 -1.5921801148679413E-4
0 109 -0.08814720208046802 0.0547080203843978 0.007336833604315457 -0.028599458601414593 0.04159194131223079 -0.08839740850705924 0.04141094640772326 -0.10455860843480339 0.030826830568066215 -0.007237691030527967
0 110 -0.056081276704734846 -0.04736544257838556 -0.012872467911429382 0.03461597115454546 -0.02695424546901051 0.0660372229576515 0.09805101313344022 0.053948272006907355 -0.00914215991756649 0.062322634809695125
0 111 0.07341105750009429 0.019681877810955678 -0.03463463899944251 0.08612499227356286 0.026014354547831523 -0.02580569242862789 0.07305665237759484 0.10401883779297724 0.07575407121585599 -0.0812747164838411
0 112 -0.01319185646252356 0.0037365011542071433 -0.03563561809699285 0.06891780265095704 0.057709833475048905 -5.543531982616658E-4 0.015519040643043231 0.056046058127601224 -0.0027950768433203893 -0.025877436477157463
0 113 0.007106021226719466 -0.0013467862910426448 0.05756093627183327 -0.013898267223545311 -0.003903881281747872 -0.06648250850335742 0.0797142504779106 -0.07811690876723351 -0.08757346334579107 -0.09248621830821596
0 114 -0.07384168785538354 0.02647393078352054 -0.07180144926822234 0.025821901732688998 -0.09170500969554664 0.08111672431771022 -0.05860035520759854 -0.022179091065995103 -0.05284629355301637 -0.041235529604865165
0 115 0.009234290188497403 0.01412383819683951 0.05445667931784313 -0.029415783234326892 0.09532727735546 -0.058478328724638894 0.08361772363533808 -0.06807244805610668 0.02699090067116925 0.008738983519133135
0 116 -0.08765452041877107 -0.0934154521539188 0.05790441693908397 -0.025295929855350726 0.041185065660842055 -0.08351094810872092 0.09467313731200307 -0.058076533260094224 -0.07306514791539988 -0.05007869611602878
0 117 -0.03356144871250103 -0.06277552114405732 0.04187567309585456 0.07709639325731377 -0.06286557963700198 0.10147960864757666 0.048391555161987634 0.06736411990324546 0.09492616857504763 -3.749351162040579E-5
0 118 -0.0414497971974591 -0.04039435107834971 -0.09467610858297118 -0.08802755917280447 0.04278695699015813 -0.03345770760727929 0.01151409362199695 -0.004853197517153354 -0.06301234921273852 0.00963327573091903
0 119 0.004598656693784427 0.09762230682060799 -0.03210456343885503 -0.06876348648823252 0.06517709643504002 -0.07414142103711754 -0.038905971681708354 0.04712643379532933 -0.0701263088573648 0.08007032966040843
0 120 -0.05404264994085831 0.09621110375411161 -0.08089106974299155 -0.014798434498955387 0.06926975022209884 0.043461954732816103 -0.012279519495732902 0.04071830434627448 -0.07598747274607517 -0.09700077302714726
0 121 -0.031912593448186935 -0.06476626366002955 0.03363255337935594 0.013550414756123279 -0.0616796683723808 0.07775821868788414 -0.04722848263301202 0.018626066414951962 0.03274170952102573 0.014429878864210679
0 122 0.09811080144728725 0.06685124811064198 -0.09025339199724738 0.02206380775959332 0.09733859362304455 -0.09680369997201665 0.040071536856836044 0.10155943103341628 -0.0325071999511723 0.09501159058203104
0 123 0.01684048621889962 -0.059095168827777586 -0.008197715244069472 -0.07260055117843994 0.08189429535896874 0.09198824702771904 -0.03927235276050376 -0.009156761877620857 0.022338289409742168 0.004193365984624796
0 124 -0.0591531094862024 0.06460132897953834 -0.07581558557111204 -0.03439581202936377 -0.07774637049807433 0.008247085975885016 -0.05759955624561265 -0.027336804970252142 -0.04052178090639816 0.048438034093286404
0 125 0.09169619624847032 -0.05159526169885177 -0.0771222622393315 -0.08298132665428876 -0.03760815930806774 -0.05676052284107306 0.07531426580546832 0.029867164439903254 0.006148507309542123 0.064946076892084
0 126 -0.009893184238124395 -0.07861976581659963 -0.00803070955844897 0.05279559859242344 0.004242404502866609 0.07673893197863649 0.01768234443859601 -0.029969330189221113 0.08258663067074114 0.05729873336857242
0 127 230.66551148348663 89.55994095392411 352.5507583372748 17.049874448470046 286.19295241410515 -273.72910714674657 120.97809294146795 -290.9180060965552 -315.6614436013795 103.0146272363696
0 128 0.03485385429909722 -0.004312533804440729 -0.04971075850330257 0.05199787919799111 -0.08205739329290015 0.05096392978036611 -0.027933935662001797 -0.09884354756170904 0.08597824947323923 -0.08842604126312582
0 129 8.878867490901758 3.5628766746589444 13.58301597028203 0.6240705252266344 11.201128219387021 -10.604630618627606 4.740422162965819 -11.277055630031038 -12.32923411496783 4.073631076956875
0 130 11.433300956229791 4.313527909827761 17.262456880936494 0.9332882988806452 13.988987099670002 -13.398605917677873 5.932432015558153 -14.415303717588749 -15.51510792087529 5.094344939260654
0 131 0.04847042244044865 0.014763948807377292 -0.07073664494504454 -0.05787891915463878 0.07992154097583143 -0.018647708956862925 0.048279616143937866 0.09298274575424385 0.07645867351150325 0.03180402289471496
0 132 -0.09466637484144273 -0.06328043769763178 0.043224247747015075 -0.09346084511858271 -0.09336896057223223 0.07675206944212516 0.09163659373602451 0.03403619926592474 -0.02523434596905958 -0.005078274407260369
0 133 0.9506972626762236 0.434623942493562 1.410560073123444 0.026906087139325793 1.1637491815612824 -1.0473969161444345 0.46478711052329613 -1.0734985822726824 -1.2673070066282888 0.47915978347102756
0 134 0.6961099868054864 0.3269176427031768 1.1857213467162624 0.03270866125428995 0.9793586693104349 -0.8172991723703573 0.4661792523709388 -0.942182779717832 -1.0131853640603763 0.26686123164000747
0 135 6.699799787771238 2.589431922762819 10.362362333753849 0.6015357181847077 8.430844441122705 -7.9996740240656905 3.4878195037247597 -8.383784423155179 -9.305651927278529 3.7435422507500165
0 136 -0.0080757112199679 0.01318161337600125 -0.05573624765256785 0.06013502134605779 0.03745747649157649 0.029891189565853914 0.07255071043382172 0.09920099175133988 -0.07138202467512063 0.025359175028308385 0.0997408851981163
1 0 0.05995450168848059
1 1 0.023232411593198787
1 2 0.09160973131656695
1 3 0.0044051050208508595
1 4 0.07438625395297997
1 5 -0.05593238025903722
1 6 0.0314438119530678
1 7 -0.05959995463490517
1 8 -0.06452992558479322
1 9 0.026733165606856308
